0.535939507927
0.533517728025
0.7054798674
0.547023108853
0.661218327425
0.585173501577
0.567593177511
0.544807831762
0.545522672771
0.557401255076
0.512426484538
0.917336886689
0.508436239149
0.544061302682
0.519378881988
0.529056976757
0.790508798471
0.575381532295
0.508474576271
0.556325442192
0.530148389432
0.561652596572
0.560155582743
0.539668627686
0.607663749669
0.550055928412
0.560968896229
0.550444423206
0.55380001304
0.55039402397
0.552913569803
0.540438255342
0.532876512611
0.639210124373
0.802398784326
0.591257724908
0.599416055894
0.555953562215
0.573309805368
0.526125119694
0.547693624841
0.574196436184
0.512900556642
0.574685750986
0.540050784857
0.523344947735
0.547580978635
0.508949751995
0.546542592758
0.536510161177
0.548422712934
0.563034367142
0.557786885246
0.561049626594
0.507925040014
0.606732070365
0.509266802444
0.531210418172
0.528765177952
0.537368920163
0.521001615509
0.555507341558
0.851827166916
0.553968541916
0.550325439986
0.572056566032
0.529235712936
0.883137132611
0.586520427302
0.520947732357
0.837736731354
0.562841737066
0.548348833611
0.504528309707
0.561679790026
0.74221306954
0.544591484465
0.550491581419
0.545301448299
0.556648889557
0.566869431117
0.615508885299
0.510582174777
0.556116311908
0.613539898132
0.560219730524
0.562273873479
0.566116840591
0.528426023566
0.504228522755
0.560417022731
0.553211586902
0.556951283645
0.552161274695
0.556530458762
0.690634656525
0.564141856392
0.503998829611
0.545969225792
0.973386712025
0.551209956211
0.514317180617
0.556209107131
0.541650302962
0.50396062935
0.561536061892
0.5315690278
0.527505840472
0.503764192354
0.572803800633
0.912283896999
0.55067708644
0.502708130477
0.934808878713
0.505518557318
0.796037056099
0.849878756705
0.536409752905
0.539377607789
0.565393518519
0.619300314465
0.551726946888
0.54737091123
0.554896808821
0.677044469678
0.530088392649
0.538894453188
0.502059795244
0.509245536029
0.574992757822
0.729822320288
0.50943963444
0.540178571429
0.574177610194
0.573079537729
0.576469651107
0.518101367659
0.5580239696
0.579859758473
0.558312246964
0.504048785364
0.543296490816
0.537823085568
0.63645310167
0.537723847735
0.549216186657
0.548467087466
0.503130549953
0.50420357044
0.548412919393
0.566259053217
0.508729456679
0.538586703859
0.551600292192
0.558445989168
0.900835619594
0.546540066178
0.566685954
0.570057436518
0.541775798848
0.553055100927
0.562348300971
0.513529139685
0.533934788305
0.636873255702
0.796033619112
0.50613215418
0.561081794195
0.557139315816
0.520807423706
0.561089232543
0.525885558583
0.587816611035
0.541455760275
0.55772465161
0.550396825397
0.509566108644
0.55518364393
0.590974212034
0.542782026769
0.560443764346
0.571183953033
0.522252385116
0.543052319424
0.509305257849
0.901040312094
0.564301989309
0.545738760708
0.543279298844
0.552600379387
0.515861742424
0.545521872223
0.546354566385
0.556370967742
0.553214596003
0.585559726209
0.541298278269
0.666713601802
0.621641144178
0.569205298013
0.583245149912
0.541478439425
0.567070330694
0.598317160194
0.5403930131
0.53260153388
0.570591299818
0.551244689802
0.562332309905
0.526152017341
0.537224214759
0.538205980066
0.543562742886
0.515700827862
0.547260774288
0.511796246649
0.6025
0.557192102789
0.53010451263
0.508355240896
0.539894288419
0.546103388782
0.536552754729
0.544083769634
0.54672444346
0.54058310812
0.522408502049
0.52756348441
0.524565416285
0.560111464968
0.709554993303
0.551038843722
0.98224845156
0.536645395293
0.544187878182
0.501710884795
0.501341885873
0.977937198636
0.764917167571
0.51962400206
0.556413821515
0.548824130879
0.531494970517
0.564615234565
0.556074766355
0.528543602038
0.5267698328
0.526956196181
0.542980828695
0.607520952801
0.546093538794
0.57302790217
0.534435147827
0.548303153855
0.534164588529
0.543233365581
0.55835292177
0.549602940598
0.554589053978
0.547426866869
0.538818383644
0.528290282903
0.747008991603
0.55337673543
0.535708191126
0.51964267587
0.506896165059
0.578639053254
0.608822434545
0.549738600058
0.588072231902
0.508252658308
0.546743697479
0.519932070075
0.519641255605
0.635549872123
0.556507186454
0.551113887154
0.52964615875
0.549350649351
0.552674762061
0.532943469786
0.550416666667
0.538681318681
0.542655224634
0.585340314136
0.559332509271
0.550751879699
0.562338334196
0.538916157468
0.505637331663
0.534046052632
0.547968785862
0.559915035371
0.431848143832
0.95578797481
0.862634183969
0.586271986272
0.535314904276
0.50819736635
0.55404626238
0.550174013921
0.568793966665
0.501428163382
0.55597338733
0.554467014201
0.587549744173
0.556280309691
0.928437927979
0.551237135975
0.549026039564
0.558070931389
0.557686476653
0.558972086841
0.583271616367
0.535826884494
0.626323751891
0.547919876733
0.53873358033
0.90391634385
0.534661010491
0.152332239951
0.505522246766
0.53239879254
0.538420524401
0.541501711065
0.545238297511
0.555383936452
0.578819044242
0.524918467183
0.539256678281
0.57603983597
0.529114221856
0.569068443704
0.525201332963
0.545460952918
0.565017724782
0.527868053299
0.571204361474
0.557081174439
0.534681516217
0.553385416667
0.564272010232
0.549893390192
0.583948959033
0.511078087004
0.544667027612
0.539227166276
0.548870716511
0.536292186778
0.517013108245
0.566305785529
0.552860707072
0.537295934558
0.54415480427
0.527432024169
0.532726100274
0.557838596491
0.884805528931
0.533552355655
0.546421354887
0.521854829578
0.546213270796
0.574973031284
0.505221222347
0.50209572742
0.543948126801
0.519464161344
0.533630045697
0.543037733452
0.540779273766
0.536699269872
0.550033746581
0.558159425248
0.51855173716
0.543571193686
0.530637713715
0.536000525555
0.548204554981
0.538651914398
0.513150029886
0.570079219988
0.572967833941
0.542229998409
0.570793180133
0.605973578403
0.541237113402
0.599110122358
0.522870662461
0.527881911903
0.513288233873
0.546764408493
0.538358727613
0.563756375638
0.572275421797
0.574584199584
0.530617678381
0.546874665181
0.537517655367
0.514837554362
0.504713971397
0.531802290536
0.546078879245
0.539020148529
0.532067825123
0.552425323336
0.53947170944
0.54329288844
0.534497798455
0.546375476911
0.517652411283
0.511893870082
0.540634005764
0.555030755712
0.540587219344
0.594259012016
0.431319669184
0.528785561848
0.547719298246
0.51397326853
0.542929838588
0.840993595126
0.530214473849
0.546839668354
0.562981199642
0.550873844918
0.536664538101
0.614570531203
0.575170121855
0.570363387041
0.561067366579
0.539133812391
0.538266116227
0.533135775862
0.555920362393
0.562861223676
0.556256346169
0.962755223172
0.549854048241
0.546659493299
0.548392517083
0.552342438578
0.545056642636
0.607989690722
0.550019387359
0.717193892825
0.506631754111
0.525775818213
0.593591011871
0.505575662721
0.72338372467
0.541646547562
0.645450815468
0.558477528411
0.76650530736
0.733565989848
0.546682402308
0.551666160341
0.553362006613
0.550304506699
0.535996276534
0.557552545732
0.553382118398
0.504252338786
0.585968098995
0.558928340029
0.713076847388
0.560496183206
0.53989444272
0.538212214261
0.763155573199
0.546601573453
0.563367696457
0.539883338534
0.508663153674
0.549516256939
0.572199354767
0.509422648621
0.581979166667
0.543895845191
0.544016954679
0.576237623762
0.672514853064
0.541055522068
0.55786163522
0.778438739303
0.551489146896
0.564141523768
0.588385006941
0.547216064818
0.56841119677
0.554012581176
0.560285061784
0.582135062267
0.0873867429661
0.546234576656
0.832200016585
0.584852674328
0.618910891089
0.796040109103
0.54907648591
0.511886933733
0.74729136164
0.54681305276
0.572586206897
0.530414263241
0.556113016134
0.809588522673
0.907591886643
0.546000333537
0.50407923063
0.552258043813
0.551178670693
0.769544913795
0.542899281806
0.553008209116
0.552447395576
0.662494763301
0.535730236713
0.568796106636
0.550267405917
0.506164049912
0.55568772491
0.506876405397
0.553577594475
0.547950517703
0.537081339713
0.571171818835
0.579971387697
0.591886082751
0.55064471548
0.56195524957
0.552690345286
0.537417397689
0.553684682568
0.546932742055
0.562231759657
0.560526315789
0.557227722772
0.507013798214
0.547175391896
0.551406913132
0.563261217949
0.54037031004
0.563283283283
0.558832102604
0.646384258679
0.558603491272
0.547915576006
0.554269068383
0.533593218565
0.550949691992
0.539843997049
0.584324806663
0.529806423229
0.507719878688
0.555339265851
0.533818802417
0.707102474363
0.52085830736
0.55272173582
0.543976244344
0.493108201241
0.529393828516
0.54376170099
0.549594003748
0.556482072561
0.86299847971
0.536528033431
0.511957153533
0.55070039724
0.550054238339
0.609708193042
0.542500346564
0.539197432568
0.557201472274
0.95275930032
0.539982887982
0.590571967316
0.536409883721
0.53480146052
0.529732408325
0.561257388501
0.569397042093
0.504678191354
0.560631526248
0.523349070019
0.553360233755
0.542865200226
0.525580142955
0.520279571143
0.543699077564
0.543776824034
0.582608695652
0.551537244505
0.520755039289
0.541994920701
0.548297672966
0.591793721973
0.552145787315
0.543832823649
0.574628186969
0.534170668637
0.560972972973
0.557656345348
0.511278923419
0.537340702508
0.515725847761
0.534347625634
0.561456752656
0.524884259259
0.863058759913
0.73374340949
0.536675138025
0.5465830721
0.537501856528
0.623924268503
0.543699371572
0.54928151088
0.549097179955
0.5625
0.603194951188
0.552602739726
0.55924918175
0.509903729114
0.503911108985
0.556186102928
0.549914528225
0.54584826992
0.528097345133
0.531323048153
0.550385641174
0.56755118826
0.57083570673
0.554002662103
0.775696510684
0.539170636033
0.503727525216
0.549963312227
0.552945617142
0.524393764434
0.552267987487
0.536574591737
0.551162981163
0.556456862451
0.894830267289
0.531605235963
0.551780601841
0.557076421968
0.565332024562
0.546173390024
0.577079697499
0.50883388691
0.547366023987
0.919381076684
0.560280346876
0.50915320607
0.539023877143
0.606201037184
0.537362828775
0.546878446945
0.435469448584
0.492872807018
0.740939900587
0.516725798277
0.570633059789
0.543098591549
0.527605030404
0.558126929296
0.557152476748
0.53821133767
0.548759368612
0.572101171576
0.554693140794
0.523871249947
0.531322394402
0.546169718855
0.551077337437
0.608824667785
0.574139572847
0.538295977438
0.549249836921
0.516933546837
0.524829195134
0.510328460919
0.711873435253
0.538679148236
0.574926309784
0.57765259555
0.960375007081
0.505172363763
0.50700097688